1.0,0.9973540485710156,0.9964870358082871,0.9989404792761104,0.9891078619678525,0.99951314955766,0.9869356606837201,0.9971086512511043,0.9965732904965352,0.9946147023572539,0.996385803850674,0.9939350776838091,0.9536148388871658,0.9758163702570098,0.9849732959060449,0.9956173430330325,0.9811800312434229,0.9432042839101273,0.9543235345167977
0.9973540485710156,1.0,0.9897198748861405,0.998984765931634,0.9971693638745754,0.999063725537907,0.9956912783685133,0.9993782931973886,0.9984047845562295,0.9987571126509843,0.9971680398482938,0.9990405657808377,0.971471075590655,0.98823831435325,0.9932496557845226,0.9972224366431054,0.991206056213502,0.9615832886571941,0.9700109703078852
0.9964870358082871,0.9897198748861405,1.0,0.9946173036654656,0.9767831177976563,0.993813504438146,0.9758040116738372,0.9914137098048742,0.99052986677419,0.9867458289917347,0.9924374601757657,0.9853740412155535,0.9372693075533529,0.9617079626879458,0.9775924757260228,0.9908215094834365,0.9723225544473468,0.9300113375232327,0.944634517682333
0.9989404792761103,0.998984765931634,0.9946173036654656,1.0,0.9932368793761512,0.9994383113690524,0.9914925003857714,0.9987092263382004,0.9990544816886953,0.998077382990215,0.9989019889580548,0.9967435397345039,0.9622133027903467,0.9815274510503992,0.9902563309269679,0.9985615990739889,0.9873007956959632,0.9526981806935353,0.9634832804629107
0.9891078619678523,0.9971693638745756,0.9767831177976563,0.9932368793761512,1.0,0.9931174945915707,0.9991460045847947,0.9960497579703599,0.9943750636376465,0.9971484658412084,0.9918634980678552,0.9987144124589997,0.9844728125386952,0.9956886437700907,0.9958232766670105,0.9927686709785217,0.9956054876197551,0.9748554380980061,0.9801403776443034
0.99951314955766,0.999063725537907,0.9938135044381461,0.9994383113690524,0.9931174945915707,0.9999999999999998,0.9909707790044913,0.9984205596703146,0.9979110555571654,0.996898365017858,0.9971408438208882,0.9965057476496222,0.9610907373144953,0.981330439748763,0.9883721990667829,0.9967470947448138,0.9853190629962458,0.9504029069589777,0.9602768308992333
0.9869356606837201,0.9956912783685132,0.9758040116738373,0.9914925003857714,0.9991460045847949,0.9909707790044913,1.0,0.9959170145311866,0.9916944461079544,0.9950556133989868,0.9894062563675682,0.9986634395445949,0.9892353575298205,0.9980143160549776,0.9984321361872567,0.9901937940642699,0.9984005701287703,0.9822064736544655,0.98691824096184
0.9971086512511044,0.9993782931973886,0.9914137098048742,0.9987092263382003,0.99604975797036,0.9984205596703146,0.9959170145311868,1.0,0.9970622386380961,0.9974687016508239,0.9962820408266254,0.9991797123613317,0.9732718580023393,0.9889518985795932,0.9951909790467923,0.9960852877303813,0.9929759890604326,0.9655783458925871,0.9741521905104812
0.9965732904965353,0.9984047845562295,0.99052986677419,0.9990544816886954,0.9943750636376465,0.9979110555571653,0.9916944461079544,0.9970622386380961,0.9999999999999998,0.9994417885131527,0.9996520589702549,0.9961033506819439,0.9630623472438297,0.9817012033330027,0.9896540031243017,0.9997701285339693,0.9872920539843978,0.9523117546410211,0.9631116581823209
0.9946147023572538,0.9987571126509842,0.9867458289917348,0.998077382990215,0.9971484658412084,0.9968983650178579,0.995055613398987,0.9974687016508239,0.9994417885131527,1.0,0.9985471048281007,0.9977586910803027,0.9710814698934825,0.9870494065696611,0.9928816007961496,0.9989794542858549,0.9912909475367591,0.9608640587932264,0.9701580518503711
0.996385803850674,0.9971680398482939,0.9924374601757658,0.9989019889580548,0.9918634980678553,0.9971408438208882,0.9894062563675683,0.9962820408266255,0.9996520589702549,0.9985471048281007,0.9999999999999998,0.9945347240172199,0.9590663424677535,0.9783545158476251,0.9885201988316418,0.9999198250439149,0.9857666901593233,0.9491573626614227,0.9612068836380013
0.9939350776838091,0.9990405657808377,0.9853740412155534,0.9967435397345038,0.9987144124589997,0.9965057476496223,0.998663439544595,0.9991797123613316,0.9961033506819439,0.9977586910803028,0.99453472401722,0.9999999999999998,0.9806675006202138,0.9937232291040361,0.9970946544558922,0.9948146874699467,0.9958455299740538,0.9726657827526127,0.9795112842316389
0.9536148388871659,0.971471075590655,0.937269307553353,0.9622133027903466,0.9844728125386951,0.9610907373144952,0.9892353575298206,0.9732718580023393,0.9630623472438296,0.9710814698934827,0.9590663424677534,0.9806675006202138,1.0,0.9961345056086275,0.98906876597778,0.9608868549596228,0.9920956271068924,0.9978060969019037,0.9962979255077299
0.9758163702570098,0.98823831435325,0.9617079626879457,0.9815274510503991,0.9956886437700906,0.9813304397487629,0.9980143160549776,0.9889518985795932,0.9817012033330027,0.9870494065696612,0.978354515847625,0.993723229104036,0.9961345056086274,1.0,0.996338254904326,0.9795583739636968,0.9975656348562458,0.9905529320019519,0.9921396133577794
0.984973295906045,0.9932496557845227,0.9775924757260229,0.9902563309269679,0.9958232766670104,0.9883721990667829,0.9984321361872567,0.9951909790467923,0.9896540031243019,0.9928816007961495,0.9885201988316418,0.9970946544558921,0.9890687659777799,0.9963382549043261,1.0,0.9890039390651321,0.9997041755154252,0.9854370664912862,0.9913763601667497
0.9956173430330325,0.9972224366431054,0.9908215094834364,0.998561599073989,0.9927686709785216,0.9967470947448137,0.9901937940642699,0.9960852877303813,0.9997701285339693,0.9989794542858549,0.9999198250439149,0.9948146874699468,0.9608868549596227,0.9795583739636968,0.9890039390651322,1.0,0.9865290206035273,0.9507262056517118,0.9624105161525707
0.9811800312434229,0.991206056213502,0.9723225544473467,0.9873007956959631,0.995605487619755,0.9853190629962459,0.9984005701287703,0.9929759890604327,0.9872920539843978,0.9912909475367591,0.9857666901593232,0.9958455299740536,0.9920956271068925,0.9975656348562456,0.9997041755154252,0.9865290206035274,1.0,0.9885575477573788,0.9935167619508033
0.9432042839101273,0.9615832886571941,0.9300113375232326,0.9526981806935353,0.9748554380980061,0.9504029069589778,0.9822064736544656,0.9655783458925871,0.9523117546410211,0.9608640587932264,0.9491573626614227,0.9726657827526126,0.9978060969019037,0.9905529320019522,0.9854370664912862,0.9507262056517118,0.9885575477573788,1.0,0.9985306663167269
0.9543235345167977,0.9700109703078852,0.9446345176823331,0.9634832804629107,0.9801403776443034,0.9602768308992333,0.9869182409618401,0.9741521905104811,0.9631116581823209,0.9701580518503711,0.9612068836380014,0.9795112842316389,0.99629792550773,0.9921396133577794,0.9913763601667496,0.9624105161525707,0.9935167619508033,0.9985306663167269,0.9999999999999999
