1.0,0.9993520261856345,0.9936266763060503,0.9984851679856807,0.9926909423983221,0.9971419736403255,0.9758234999313751,0.9865090801255977,0.9975328942650629,0.997320647605526,0.9960637075312937,0.8720857140070425,0.9931695273958564,0.9992497644856146,0.999544779910477,0.9994426956720883,0.999327667072817,0.9980972625856624,0.9982906712966415
0.9993520261856345,1.0,0.994061841197851,0.9984471679923321,0.9927027839692876,0.9991983315949614,0.9798892291625331,0.9881905674193272,0.9965851499888003,0.9948472343674812,0.995782585873413,0.8806401296964587,0.9942372402281066,0.997919980117176,0.9986584792556236,0.9988206178670165,0.9990535777297769,0.9957806164781698,0.9964531656125755
0.9936266763060504,0.9940618411978512,1.0,0.9870277216257386,0.9742944712155462,0.9930454162088055,0.9913014466346342,0.9984279223843996,0.998477271632709,0.9949951668588864,0.9994643505632582,0.9185243641557213,0.9997582398730497,0.9947390793139812,0.9925905705981453,0.9926103941870167,0.9950489276800042,0.9897504887385468,0.9884697291989315
0.9984851679856807,0.998447167992332,0.9870277216257386,1.0,0.9977314729730876,0.9968211322094552,0.9675411681087377,0.9782518249115771,0.9923444975995025,0.9921997549435349,0.9903748018738774,0.8531530465318973,0.9871358304291987,0.9964969673180303,0.9983692107613658,0.9984736846029708,0.9974309173714423,0.9964517046122785,0.9977788703787985
0.992690942398322,0.9927027839692875,0.9742944712155462,0.9977314729730876,1.0,0.9909813759370583,0.9503397530305822,0.96268310474815,0.9821610780264615,0.9828235789869567,0.9792630155437395,0.8203797717984527,0.9748503765333404,0.989705228511742,0.993332557494028,0.9935762594123123,0.9911663465132879,0.9916988294269404,0.9941953613221544
0.9971419736403253,0.9991983315949614,0.9930454162088055,0.9968211322094552,0.990981375937058,1.0,0.983373673432305,0.9886641713323345,0.9940149900266662,0.9907697199113525,0.9938647303857433,0.889410656362753,0.99379994852747,0.9947594568433434,0.9959447254257116,0.9963615215524492,0.9969904713437417,0.9914229905979081,0.992595430439828
0.9758234999313751,0.979889229162533,0.9913014466346342,0.9675411681087377,0.950339753030582,0.983373673432305,1.0,0.9965046639117003,0.9833762220449216,0.9757490291224793,0.9866451245363753,0.9566726171433676,0.991864799464878,0.9746799005006535,0.9720988302811936,0.9725661673265031,0.9772470331129302,0.964487731808997,0.9634529696823358
0.9865090801255976,0.9881905674193272,0.9984279223843997,0.9782518249115771,0.96268310474815,0.9886641713323345,0.9965046639117003,1.0,0.9938698656719677,0.9884325995841193,0.9960903098368613,0.9391855132441508,0.9984878142245206,0.9875196893371172,0.9846742622922078,0.9848542032713051,0.988511605608838,0.9802320093390239,0.9786681143960239
0.9975328942650629,0.9965851499888002,0.9984772716327093,0.9923444975995025,0.9821610780264615,0.994014990026666,0.9833762220449217,0.9938698656719677,1.0,0.9987712974030719,0.9996362270768293,0.8957466355417111,0.9977396433452517,0.998625611298405,0.9970383993445662,0.9968318002810952,0.9980737025169588,0.9958499942671706,0.9947454961859542
0.997320647605526,0.9948472343674812,0.9949951668588864,0.9921997549435347,0.9828235789869567,0.9907697199113527,0.9757490291224792,0.9884325995841191,0.9987712974030719,1.0,0.9971428361671664,0.8789320846750396,0.993334947560917,0.9983517719300484,0.9966486742594005,0.9960785726668642,0.9965623923799187,0.9969841631904685,0.9955918926392661
0.9960637075312938,0.995782585873413,0.9994643505632583,0.9903748018738775,0.9792630155437395,0.9938647303857433,0.9866451245363751,0.9960903098368613,0.9996362270768293,0.9971428361671664,0.9999999999999998,0.9054527658242488,0.9991173077715018,0.9974224792677974,0.9956469346898312,0.9955948874288265,0.9973609558680107,0.993790230434053,0.9926518272862276
0.8720857140070425,0.8806401296964587,0.9185243641557213,0.8531530465318973,0.8203797717984526,0.889410656362753,0.9566726171433676,0.9391855132441507,0.8957466355417111,0.8789320846750396,0.9054527658242488,0.9999999999999999,0.9202197132193324,0.8734432703412023,0.8658988362800759,0.8669465172209403,0.8779836145526831,0.8527683365209712,0.8490650837999683
0.9931695273958565,0.9942372402281064,0.9997582398730498,0.9871358304291988,0.9748503765333404,0.9937999485274699,0.9918647994648779,0.9984878142245206,0.9977396433452514,0.993334947560917,0.9991173077715018,0.9202197132193325,1.0,0.9942116152633933,0.9924043270796059,0.9926054893305982,0.9951284386524838,0.9890141808684894,0.9880461340228517
0.9992497644856148,0.9979199801171759,0.9947390793139811,0.9964969673180302,0.989705228511742,0.9947594568433435,0.9746799005006535,0.9875196893371172,0.9986256112984049,0.9983517719300485,0.9974224792677975,0.8734432703412024,0.9942116152633933,1.0,0.9995818086720487,0.9994181145154412,0.99953539731498,0.9991254041676576,0.9987387570243385
0.999544779910477,0.9986584792556235,0.9925905705981451,0.9983692107613658,0.993332557494028,0.9959447254257117,0.9720988302811936,0.9846742622922077,0.9970383993445662,0.9966486742594005,0.9956469346898312,0.8658988362800759,0.9924043270796059,0.9995818086720488,1.0,0.9999652142473874,0.9996552219945498,0.9991456986143992,0.9993777159014413
0.9994426956720883,0.9988206178670164,0.9926103941870166,0.9984736846029707,0.9935762594123122,0.9963615215524492,0.9725661673265031,0.9848542032713051,0.9968318002810952,0.9960785726668641,0.9955948874288264,0.8669465172209403,0.9926054893305981,0.9994181145154412,0.9999652142473874,1.0,0.9997344901386034,0.9988634915496047,0.9992175695448035
0.999327667072817,0.9990535777297768,0.9950489276800042,0.9974309173714424,0.9911663465132879,0.9969904713437417,0.9772470331129304,0.988511605608838,0.9980737025169588,0.9965623923799186,0.9973609558680107,0.8779836145526833,0.9951284386524837,0.99953539731498,0.9996552219945499,0.9997344901386032,0.9999999999999998,0.9981075442916252,0.9982270777661232
0.9980972625856626,0.9957806164781698,0.9897504887385468,0.9964517046122784,0.9916988294269404,0.9914229905979081,0.964487731808997,0.980232009339024,0.9958499942671707,0.9969841631904685,0.9937902304340529,0.8527683365209712,0.9890141808684894,0.9991254041676577,0.9991456986143992,0.9988634915496047,0.9981075442916251,0.9999999999999998,0.9997603720589849
0.9982906712966414,0.9964531656125754,0.9884697291989315,0.9977788703787986,0.9941953613221544,0.992595430439828,0.9634529696823357,0.9786681143960237,0.9947454961859542,0.9955918926392661,0.9926518272862276,0.8490650837999684,0.9880461340228517,0.9987387570243385,0.9993777159014415,0.9992175695448035,0.9982270777661233,0.999760372058985,0.9999999999999998
